{
  "image": "tests/asl_02.png",
  "grid_type": "hex_flat",
  "side_length": 30.642349520393967,
  "rotation_deg": -4.809640514151477e-06,
  "origin_x": 33.90514855044985,
  "origin_y": 7.031641522844433,
  "tilt_x": 2.6939765347001067e-05,
  "tilt_y": 4.166300984434934e-05,
  "focal": 1009.6672140826827
}